orderitem_id,orderitem_order_id,orderitem_product_id,orderitem_quantity,orderitem_subtotal,orderitem_producprice
1,1,957,1,299.98,299.98
2,2,1073,1,199.99,199.99
3,2,502,5,250.0,50.0
4,2,403,1,129.99,129.99
5,4,867,2,49.98,24.99
6,4,365,5,299.95,59.99
7,4,502,2,150.0,50.0
8,4,1014,4,199.92,49.98
9,5,957,1,299.98,299.98
10,5,365,5,299.95,59.99
1,1,957,1,299.98,299.98
2,2,1073,1,199.99,199.99
3,2,502,5,250.0,50.0
4,2,403,1,129.99,129.99
5,4,867,2,49.98,24.99
6,4,365,5,299.95,59.99
7,4,502,2,150.0,50.0
8,4,1014,4,199.92,49.98
9,5,957,1,299.98,299.98
10,5,365,5,299.95,59.99
1,1,957,1,299.98,299.98
2,2,1073,1,199.99,199.99
3,2,502,5,250.0,50.0
4,2,403,1,129.99,129.99
5,4,867,2,49.98,24.99
6,4,365,5,299.95,59.99
7,4,502,2,150.0,50.0
8,4,1014,4,199.92,49.98
9,5,957,1,299.98,299.98
10,5,365,5,299.95,59.99